	RAM	DAPE
0	0.931398833	0.748458451
1	0.898612545	0.72018241
2	0.889629423	0.752947145
3	0.879719338	0.75564944
4	0.877095688	0.714486113
5	0.871333313	0.713484677
6	0.8712853	0.738882365
7	0.869265566	0.703410244
8	0.865059271	0.71657532
9	0.863925323	0.703303916
10	0.861781511	0.689063804
11	0.860533935	0.719099879
12	0.858339673	0.730079055
13	0.857505779	0.704744188
14	0.857068446	0.713335319
15	0.854348157	0.69614205
16	0.852963072	0.699054263
17	0.85167731	0.739112138
18	0.85113989	0.743490303
19	0.850849263	0.712844838
20	0.849295767	0.701580593
21	0.846256097	0.727374488
22	0.845325097	0.723691937
23	0.844088741	0.715404963
24	0.841708886	0.718783991
25	0.836591627	0.728398913
26	0.835596394	0.706168597
27	0.835028028	0.730083111
28	0.833406604	0.689778275
29	0.833225943	0.747269163
30	0.832333392	0.707739711
31	0.831489768	0.71563269
32	0.828624018	0.722361201
33	0.827192696	0.717947885
34	0.82587116	0.728020046
35	0.825780238	0.695791461
36	0.825613254	0.716139876
37	0.825397484	0.72239612
38	0.825247761	0.738184131
39	0.825163087	0.692297422
40	0.824763461	0.712580472
41	0.823452446	0.722083377
42	0.821692704	0.705279998
43	0.821593254	0.681468423
44	0.821455622	0.711405259
45	0.821195308	0.689023104
46	0.820967959	0.691702045
47	0.820624395	0.717198077
48	0.820332584	0.69851175
49	0.820280847	0.687797388
50	0.820087135	0.727676487
51	0.819125848	0.700266724
52	0.819015652	0.703178763
53	0.818922469	0.725292298
54	0.818604647	0.706831407
55	0.817868052	0.691202776
56	0.817000747	0.725005316
57	0.816731215	0.711826134
58	0.816462261	0.724516916
59	0.816119763	0.708834219
60	0.816065696	0.698532853
61	0.815932036	0.715708156
62	0.815811723	0.722216874
63	0.815543034	0.704073146
64	0.814344936	0.694540179
65	0.814013399	0.720949418
66	0.813965365	0.724705248
67	0.813743345	0.698706152
68	0.811536465	0.695798768
69	0.811420146	0.695793001
70	0.810587762	0.692112163
71	0.81040697	0.700273689
72	0.81036556	0.714166308
73	0.810246903	0.705646203
74	0.809934597	0.695556663
75	0.809092749	0.71153499
76	0.808386281	0.689351063
77	0.80705564	0.680072471
78	0.806813557	0.70504585
79	0.806312114	0.70675249
80	0.806301949	0.692857222
81	0.80600337	0.707543842
82	0.805465257	0.699921467
83	0.80546012	0.709581089
84	0.804877073	0.693081777
85	0.804849929	0.696032298
86	0.80454089	0.727898626
87	0.803491201	0.695648238
88	0.803259625	0.694798565
89	0.80294652	0.697482403
90	0.802770676	0.685877314
91	0.802614967	0.703781249
92	0.802481905	0.683402189
93	0.802193096	0.701458182
94	0.80122694	0.71254301
95	0.800748068	0.693732284
96	0.80056837	0.700697587
97	0.800496113	0.701233799
98	0.800347732	0.677386394
99	0.800313697	0.690799092
100	0.799790164	0.686329694
101	0.79960824	0.716800558
102	0.798806795	0.713497382
103	0.798363025	0.68717221
104	0.797336139	0.681948743
105	0.796607469	0.708952387
106	0.796073812	0.687733236
107	0.795886952	0.702112931
108	0.795810301	0.694226669
109	0.795578749	0.703976671
110	0.795523293	0.692520116
111	0.795313717	0.686421599
112	0.795260029	0.703935724
113	0.794747494	0.69554103
114	0.794541482	0.701772517
115	0.793920298	0.67687465
116	0.793788226	0.674415614
117	0.793690493	0.702437279
118	0.792646341	0.698923005
119	0.79258457	0.689041928
120	0.792006953	0.720146994
121	0.791539932	0.707818962
122	0.791394922	0.707812055
123	0.791270785	0.699918366
124	0.791264179	0.692527396
125	0.791212464	0.707259415
126	0.791167436	0.693640415
127	0.79103402	0.683913214
128	0.790497873	0.683273301
129	0.790033795	0.678366538
130	0.78889106	0.691388309
131	0.788459191	0.702372842
132	0.788237092	0.685880916
133	0.788061707	0.692786965
134	0.787991279	0.677899399
135	0.787785262	0.665614709
136	0.787622004	0.695367293
137	0.787558646	0.674163576
138	0.787402028	0.683812057
139	0.787353957	0.702379007
140	0.78595562	0.689206355
141	0.785701068	0.693930577
142	0.785227375	0.681680816
143	0.785099829	0.696361751
144	0.784896629	0.694403513
145	0.784406578	0.725642459
146	0.78421045	0.677837152
147	0.784192077	0.686860346
148	0.783827831	0.703152539
149	0.783800791	0.696849074
150	0.783150542	0.673544508
151	0.7829812	0.682278353
152	0.782062265	0.684615151
153	0.7820586	0.698398358
154	0.781903696	0.680362369
155	0.78189074	0.683576347
156	0.781391478	0.680485411
157	0.781283695	0.697185497
158	0.781199451	0.685844017
159	0.780775498	0.685658922
160	0.780718339	0.702710468
161	0.780666349	0.680868989
162	0.780362629	0.673444469
163	0.780164627	0.704664823
164	0.779702034	0.690645719
165	0.779547392	0.684645665
166	0.779443096	0.676798683
167	0.779291216	0.70864014
168	0.779181043	0.698654953
169	0.77899742	0.697967446
170	0.778862815	0.684987616
171	0.778805511	0.68663452
172	0.778680584	0.68864199
173	0.778441349	0.685616002
174	0.777989157	0.680939058
175	0.777696285	0.727243307
176	0.777518762	0.67793293
177	0.776898194	0.700332813
178	0.77641961	0.695982784
179	0.776127352	0.688389386
180	0.775995438	0.688284423
181	0.775551578	0.682326685
182	0.775526654	0.696286769
183	0.775400616	0.682998529
184	0.775287232	0.675033205
185	0.775021177	0.70717669
186	0.774855025	0.701864056
187	0.774592324	0.68723135
188	0.774552781	0.652497244
189	0.774215829	0.690056131
190	0.774208743	0.684779972
191	0.77385878	0.695683467
192	0.773347849	0.687372456
193	0.773084564	0.712714568
194	0.772942206	0.685141803
195	0.772935252	0.681519404
196	0.77246954	0.671812907
197	0.772231972	0.675633933
198	0.772227609	0.673405619
199	0.771919017	0.683657622
200	0.771087591	0.659019393
201	0.770851159	0.679186617
202	0.770528762	0.684106863
203	0.77039938	0.669902045
204	0.77021016	0.685557645
205	0.769875406	0.679674568
206	0.769244197	0.706926649
207	0.769183514	0.672697912
208	0.769018998	0.670169618
209	0.767973883	0.688154191
210	0.767628853	0.673341065
211	0.767459316	0.662976833
212	0.767386149	0.682804078
213	0.767278539	0.684087979
214	0.767005916	0.672599103
215	0.76695173	0.679283293
216	0.766772008	0.673633635
217	0.766715482	0.680699374
218	0.766463403	0.678099645
219	0.766260869	0.670990235
220	0.766195416	0.656788783
221	0.765766125	0.697106227
222	0.765391465	0.702339186
223	0.765371918	0.70285017
224	0.765235951	0.675812564
225	0.76514644	0.657908772
226	0.764593751	0.693355035
227	0.764372686	0.669541461
228	0.764342774	0.676577404
229	0.764299943	0.684821088
230	0.764107401	0.701966225
231	0.764067458	0.672259467
232	0.763525073	0.675513914
233	0.763519453	0.708863868
234	0.763084278	0.698853121
235	0.762710771	0.662428606
236	0.761668073	0.674897665
237	0.761649647	0.668628577
238	0.761628557	0.68123782
239	0.761589154	0.680028659
240	0.761344342	0.67172178
241	0.761303569	0.697305687
242	0.761222938	0.657384024
243	0.761006616	0.668028624
244	0.760589639	0.667296957
245	0.760374409	0.664876994
246	0.760345444	0.659727933
247	0.760005266	0.65968288
248	0.759760736	0.672602844
249	0.759205558	0.663492017
250	0.759199291	0.676483522
251	0.759181029	0.694169485
252	0.759012521	0.664603183
253	0.758942974	0.691314513
254	0.758887988	0.697038332
255	0.758880483	0.709955458
256	0.758814375	0.674438832
257	0.758813341	0.677153535
258	0.758584847	0.702561774
259	0.758558573	0.692527701
260	0.758488393	0.662195922
261	0.758220595	0.687857741
262	0.757825308	0.679063175
263	0.757414433	0.667926951
264	0.757388899	0.666452744
265	0.757021302	0.660223001
266	0.75669197	0.680586851
267	0.756601751	0.657499439
268	0.756537131	0.664689035
269	0.75636902	0.635129826
270	0.756212336	0.678518298
271	0.756154893	0.682867103
272	0.75562208	0.670468986
273	0.755381198	0.680679598
274	0.754801834	0.677962694
275	0.754658238	0.672333418
276	0.753389877	0.670614269
277	0.753125763	0.682611041
278	0.752863591	0.673956338
279	0.752807367	0.673645475
280	0.752744882	0.677032951
281	0.752467019	0.675917715
282	0.752411648	0.681679331
283	0.751706313	0.644105127
284	0.751623508	0.665126439
285	0.751204155	0.680783054
286	0.750910903	0.666198845
287	0.750544626	0.667506908
288	0.750519611	0.669781882
289	0.750439843	0.682051867
290	0.750248782	0.665618407
291	0.749914114	0.692654657
292	0.74990979	0.658325044
293	0.749633987	0.693810748
294	0.74954788	0.674289923
295	0.749497123	0.689642163
296	0.749041511	0.670675525
297	0.748683909	0.653096685
298	0.748167665	0.649307852
299	0.747808673	0.671093414
300	0.747781586	0.678553696
301	0.747705731	0.673408043
302	0.747430756	0.670715273
303	0.747228154	0.667493615
304	0.746972344	0.673658145
305	0.746936129	0.655979255
306	0.74684939	0.673537016
307	0.746848143	0.648422245
308	0.746760328	0.663902435
309	0.746633834	0.685515
310	0.746580731	0.697688697
311	0.746340733	0.681190566
312	0.745337587	0.675019841
313	0.74526706	0.67848147
314	0.745030083	0.673564219
315	0.744929129	0.673662781
316	0.744834481	0.672504715
317	0.743815057	0.670714577
318	0.743474632	0.657070383
319	0.743309607	0.675904496
320	0.743305972	0.662412095
321	0.742077824	0.673073065
322	0.741834422	0.678459104
323	0.741820853	0.662186019
324	0.741730136	0.670727429
325	0.741569739	0.661361941
326	0.740760019	0.64130837
327	0.740394008	0.644977618
328	0.740244811	0.656837669
329	0.740024794	0.705036059
330	0.739714474	0.675862057
331	0.739623415	0.679709732
332	0.739216947	0.660126834
333	0.738286656	0.669217721
334	0.737962805	0.676382134
335	0.737922263	0.670445502
336	0.737711224	0.664965312
337	0.737204323	0.665322175
338	0.736865448	0.678487
339	0.736710016	0.67358458
340	0.73661784	0.661707092
341	0.736591038	0.66897449
342	0.73651823	0.663532456
343	0.73643981	0.688578252
344	0.735956902	0.6899317
345	0.73583577	0.658834031
346	0.735288997	0.678610398
347	0.735055474	0.664130662
348	0.735025402	0.662526972
349	0.734593408	0.66647172
350	0.734329386	0.684979789
351	0.733715723	0.663350522
352	0.73345286	0.666570418
353	0.733229916	0.659411645
354	0.733146656	0.672502522
355	0.733039605	0.655359657
356	0.732830067	0.670122676
357	0.732604627	0.677794542
358	0.7323496	0.686649987
359	0.731817393	0.641336466
360	0.731336156	0.657218663
361	0.731054092	0.665087304
362	0.731045675	0.675515054
363	0.730942884	0.680984522
364	0.730671187	0.663017832
365	0.730568872	0.668200914
366	0.730035939	0.678181503
367	0.729923033	0.670643686
368	0.729890252	0.657106924
369	0.729691103	0.636266514
370	0.729324973	0.650728329
371	0.729304541	0.682995477
372	0.729256922	0.659504393
373	0.729185391	0.668490091
374	0.72915341	0.670630157
375	0.729007535	0.645459483
376	0.728731267	0.673067072
377	0.728552751	0.655072272
378	0.728241975	0.643255617
379	0.728187413	0.667628431
380	0.728155772	0.686153707
381	0.728042661	0.662698595
382	0.728022517	0.642351469
383	0.727994299	0.658792817
384	0.727979684	0.673142965
385	0.727961327	0.644505595
386	0.727886812	0.652494526
387	0.727503085	0.679453526
388	0.727174873	0.652124311
389	0.727037772	0.679827392
390	0.727023946	0.67142362
391	0.726840094	0.657414546
392	0.726801835	0.695118305
393	0.725880111	0.667701245
394	0.725700483	0.661472465
395	0.725671087	0.666891534
396	0.725610826	0.633861996
397	0.725573836	0.672942428
398	0.72555539	0.640793485
399	0.725472766	0.641325349
400	0.725432136	0.661807686
401	0.725051435	0.670204004
402	0.725037446	0.627978919
403	0.724900908	0.661263222
404	0.724787865	0.676501247
405	0.724597286	0.660383054
406	0.723621845	0.641337317
407	0.72354287	0.642923131
408	0.723186353	0.638540474
409	0.723154585	0.63676725
410	0.722861398	0.668265852
411	0.722857867	0.640381016
412	0.722799044	0.644117691
413	0.722725082	0.672587309
414	0.72258622	0.675673243
415	0.722416083	0.668621531
416	0.722193778	0.676714769
417	0.722179306	0.677439026
418	0.722089392	0.658300711
419	0.722019238	0.662072552
420	0.721987593	0.668249471
421	0.721720459	0.654403663
422	0.721414485	0.657414299
423	0.721085689	0.661662904
424	0.720926016	0.694955709
425	0.720893342	0.672101044
426	0.720710009	0.656551684
427	0.720455358	0.642183282
428	0.720408483	0.667085907
429	0.720345673	0.655047278
430	0.720325664	0.666118424
431	0.720293106	0.675364467
432	0.720273996	0.648468141
433	0.720025818	0.642803678
434	0.720008092	0.662981564
435	0.719988994	0.675572731
436	0.71915584	0.671384615
437	0.719101556	0.65781499
438	0.718754538	0.644590159
439	0.718458366	0.646293614
440	0.718309344	0.661669121
441	0.717969892	0.648182773
442	0.717840356	0.672271658
443	0.717654626	0.650309043
444	0.717522081	0.644418931
445	0.717270518	0.658261673
446	0.717210402	0.631371733
447	0.717110705	0.657725208
448	0.717093064	0.668213113
449	0.71672221	0.641482213
450	0.715787658	0.64976496
451	0.715362094	0.654085909
452	0.71512727	0.665723557
453	0.714980379	0.692231456
454	0.714723144	0.675384645
455	0.714645587	0.647065492
456	0.714460204	0.643325751
457	0.714344849	0.642917804
458	0.714183239	0.639037235
459	0.713874244	0.663445443
460	0.713564575	0.646046481
461	0.713406467	0.647182986
462	0.712875002	0.677775819
463	0.712847242	0.661265695
464	0.712571472	0.658949223
465	0.712491668	0.637578318
466	0.712389939	0.669067207
467	0.712192895	0.656903668
468	0.711920445	0.688602228
469	0.711671786	0.653665678
470	0.711513409	0.642619755
471	0.710835266	0.664552346
472	0.710405218	0.659503819
473	0.709800621	0.628928204
474	0.709725124	0.628124441
475	0.709596838	0.639160782
476	0.709563885	0.651178057
477	0.709230119	0.65707269
478	0.709060726	0.666777169
479	0.708434628	0.642789204
480	0.70832907	0.654057054
481	0.70796357	0.61331214
482	0.707676675	0.636770072
483	0.707473345	0.632743765
484	0.707413595	0.643503686
485	0.70724787	0.639643211
486	0.706909066	0.657255166
487	0.706410534	0.636327866
488	0.706025825	0.663332365
489	0.705477133	0.659921837
490	0.705316334	0.654177669
491	0.705280724	0.638426443
492	0.705261842	0.658306122
493	0.704649281	0.652711417
494	0.704554341	0.651013532
495	0.703611336	0.636691253
496	0.703331078	0.639523954
497	0.70329777	0.647234865
498	0.703260593	0.656321611
499	0.703193657	0.657285242
500	0.702861385	0.657180728
501	0.702514886	0.651179986
502	0.702484843	0.653289056
503	0.702448404	0.635140369
504	0.701802643	0.657019446
505	0.701462174	0.639307495
506	0.701140303	0.673451499
507	0.700812752	0.638552466
508	0.700811017	0.660928565
509	0.700557513	0.619550773
510	0.700465841	0.643764792
511	0.70013516	0.644731473
512	0.699917336	0.642510678
513	0.699693698	0.630134419
514	0.699685614	0.619318261
515	0.69831747	0.628046869
516	0.698199106	0.638178009
517	0.697772696	0.651837142
518	0.697623142	0.629011344
519	0.697204095	0.649462928
520	0.696947626	0.649958359
521	0.696628377	0.650635854
522	0.695898214	0.606534974
523	0.695873432	0.62246133
524	0.695694118	0.639277716
525	0.695687731	0.625037645
526	0.695598358	0.640678826
527	0.695447978	0.660985542
528	0.695393641	0.612447
529	0.69505661	0.645747012
530	0.69481075	0.62813712
531	0.69471765	0.63741382
532	0.693575529	0.636576321
533	0.693502642	0.629178881
534	0.6934323	0.646677136
535	0.69325176	0.646272799
536	0.693192442	0.640863464
537	0.693108942	0.640197833
538	0.692876503	0.655755241
539	0.692872449	0.654664347
540	0.692827777	0.653586814
541	0.692446442	0.650714988
542	0.692274808	0.634814907
543	0.692248283	0.647796417
544	0.692148911	0.640583564
545	0.69163217	0.593089427
546	0.691312183	0.630806644
547	0.691117166	0.618635773
548	0.690973761	0.645973928
549	0.690950609	0.635101579
550	0.6908613	0.628515994
551	0.690426962	0.62171126
552	0.690158794	0.60605671
553	0.689750035	0.631033898
554	0.689725042	0.630825237
555	0.689577397	0.62390494
556	0.689166259	0.651133167
557	0.688606455	0.64085993
558	0.688433259	0.637767755
559	0.688061661	0.66710284
560	0.688017555	0.648918535
561	0.687742421	0.66967218
562	0.687338641	0.654969546
563	0.687249602	0.671702048
564	0.687172704	0.619017298
565	0.687043303	0.603863555
566	0.687000867	0.657688191
567	0.68694084	0.632653762
568	0.686152741	0.641449242
569	0.685670665	0.639742028
570	0.685571605	0.647066803
571	0.685382776	0.642202743
572	0.685263284	0.637751554
573	0.685141687	0.654846444
574	0.68504439	0.657222508
575	0.68492304	0.634506006
576	0.68486236	0.631682419
577	0.683944287	0.643033679
578	0.683362115	0.663157025
579	0.68183841	0.63246389
580	0.681629043	0.626126297
581	0.681519923	0.64386158
582	0.681489724	0.6353132
583	0.681459623	0.665960058
584	0.681380501	0.62959155
585	0.680891913	0.653429207
586	0.680852442	0.657417942
587	0.680610911	0.630364045
588	0.68054581	0.644332644
589	0.680501759	0.639767316
590	0.680302429	0.641950672
591	0.679482307	0.66014226
592	0.679248281	0.610395868
593	0.678866908	0.627409641
594	0.678153964	0.610265965
595	0.677104554	0.643189727
596	0.677101894	0.610292089
597	0.675608234	0.648240256
598	0.675288327	0.605629567
599	0.675156344	0.595936081
600	0.674980311	0.623209958
601	0.674378358	0.662478543
602	0.673807589	0.631038028
603	0.673647002	0.62706165
604	0.673620917	0.612556115
605	0.673286368	0.619612374
606	0.673161769	0.63920214
607	0.673023361	0.674744901
608	0.672905119	0.604785419
609	0.672815036	0.633135155
610	0.672766244	0.636457587
611	0.672594335	0.649951895
612	0.672439845	0.627744448
613	0.672132827	0.641753802
614	0.672106742	0.624405363
615	0.671946606	0.59803656
616	0.671791464	0.618365064
617	0.671692481	0.624174622
618	0.671309517	0.612795385
619	0.671277054	0.625265674
620	0.671202079	0.627829708
621	0.670698161	0.648439537
622	0.670544224	0.650908397
623	0.670522743	0.588382924
624	0.670324187	0.658826508
625	0.670284511	0.617348131
626	0.670138347	0.616535907
627	0.670070435	0.648464776
628	0.670018986	0.621606526
629	0.669884772	0.646277807
630	0.669701256	0.677065108
631	0.669540757	0.62357325
632	0.669409076	0.618407222
633	0.668979678	0.650036168
634	0.668801497	0.605574012
635	0.668449513	0.628107913
636	0.668358817	0.625217079
637	0.668349669	0.644677716
638	0.668068756	0.611922658
639	0.667855818	0.605380512
640	0.667450314	0.613114748
641	0.667377792	0.648464308
642	0.667131455	0.615995176
643	0.666910916	0.659965119
644	0.666815877	0.635289506
645	0.666646778	0.610321451
646	0.666525226	0.649261983
647	0.666261587	0.620658372
648	0.665267723	0.616609466
649	0.664678816	0.618687846
650	0.664459032	0.605684618
651	0.664455546	0.606057297
652	0.664439379	0.625567072
653	0.664063598	0.628795613
654	0.663982328	0.655568813
655	0.663811251	0.600847967
656	0.663746792	0.631612399
657	0.663511896	0.605493324
658	0.663347064	0.621264425
659	0.663044136	0.602640091
660	0.662963311	0.623228185
661	0.662581952	0.631347688
662	0.661926219	0.653399542
663	0.661730135	0.627417951
664	0.66162222	0.616571868
665	0.66157779	0.612266451
666	0.661551556	0.616794262
667	0.661295439	0.649167382
668	0.661172411	0.635766227
669	0.661075834	0.603032427
670	0.660922503	0.624192901
671	0.660922318	0.623596959
672	0.660737124	0.617643846
673	0.66031418	0.612672864
674	0.659711391	0.608041414
675	0.65970697	0.649445554
676	0.659237957	0.642246414
677	0.659064768	0.629144309
678	0.658696842	0.609366679
679	0.658423231	0.60722257
680	0.658414127	0.589381003
681	0.658328031	0.601328866
682	0.658149974	0.634228087
683	0.657864108	0.612787596
684	0.657592197	0.661423832
685	0.656907903	0.654301948
686	0.65636248	0.58825014
687	0.656053584	0.590517397
688	0.655709837	0.602047226
689	0.655192987	0.61611717
690	0.654881281	0.660564221
691	0.654763297	0.64388052
692	0.654727223	0.588655736
693	0.654554362	0.585226198
694	0.654450878	0.608438473
695	0.654317651	0.602133803
696	0.654195462	0.653663322
697	0.65418484	0.598181288
698	0.6537979	0.633621566
699	0.653318671	0.647199609
700	0.653101691	0.624623128
701	0.652770183	0.618069319
702	0.652708867	0.600299123
703	0.652656614	0.652443066
704	0.652644617	0.605262205
705	0.652430267	0.627359471
706	0.652130488	0.60111385
707	0.651559133	0.574737789
708	0.65154434	0.615291639
709	0.651380885	0.615034605
710	0.650854203	0.615373932
711	0.650739645	0.616908138
712	0.650051141	0.635623413
713	0.649780457	0.607065598
714	0.649452875	0.642989981
715	0.64944813	0.634522765
716	0.649129009	0.605868992
717	0.648646305	0.603790727
718	0.648383953	0.579885539
719	0.648184275	0.620346867
720	0.648110694	0.624131685
721	0.647936042	0.625290107
722	0.647848416	0.614261607
723	0.647847866	0.649237247
724	0.647426218	0.59304551
725	0.647374628	0.628703565
726	0.647277822	0.656535964
727	0.64704349	0.654036383
728	0.646763135	0.59074821
729	0.646586256	0.560425478
730	0.646419784	0.610911181
731	0.646335789	0.6453054
732	0.646201778	0.632644417
733	0.646042193	0.630920237
734	0.645604004	0.608175958
735	0.645273553	0.603380449
736	0.644964598	0.601467571
737	0.644729707	0.608503387
738	0.644440454	0.615768049
739	0.644337041	0.652179999
740	0.643831608	0.633520534
741	0.64383125	0.583332686
742	0.643751729	0.57937694
743	0.643635339	0.590698561
744	0.643299376	0.565369235
745	0.643231443	0.625176259
746	0.643204143	0.627942107
747	0.642885414	0.633349336
748	0.642445908	0.59195319
749	0.642062161	0.586663799
750	0.641748078	0.58719404
751	0.641307021	0.600232143
752	0.641065087	0.621426966
753	0.641001151	0.603159041
754	0.640714423	0.596629328
755	0.640586297	0.598561547
756	0.63988945	0.606522685
757	0.639661677	0.60389704
758	0.6395485	0.619711963
759	0.639292545	0.626570779
760	0.639202009	0.592434167
761	0.638991338	0.602004224
762	0.63870338	0.592737105
763	0.63866508	0.597582652
764	0.638445664	0.602463786
765	0.638429684	0.643015343
766	0.637767263	0.597200757
767	0.637601782	0.603610223
768	0.637487018	0.605096558
769	0.63727076	0.635644961
770	0.637199375	0.619108449
771	0.637158503	0.614682348
772	0.636918851	0.616188101
773	0.636736543	0.638427409
774	0.635944684	0.601303884
775	0.635240201	0.614756586
776	0.63509731	0.588995634
777	0.635008883	0.579607947
778	0.634803956	0.604228764
779	0.634642567	0.6142634
780	0.63455096	0.573480434
781	0.633389428	0.625847891
782	0.632793876	0.625657953
783	0.632755382	0.563586354
784	0.632696795	0.601128387
785	0.632677529	0.607027325
786	0.632141632	0.59765709
787	0.631782481	0.646683502
788	0.631598043	0.595592909
789	0.631443267	0.579789467
790	0.631241776	0.633242248
791	0.630885476	0.604962683
792	0.630721445	0.593696157
793	0.630471456	0.597638516
794	0.629959118	0.632021037
795	0.629829871	0.623463203
796	0.629646323	0.619107809
797	0.629414526	0.614971268
798	0.629398351	0.609273654
799	0.629104235	0.592157385
800	0.627703077	0.579285475
801	0.627644978	0.568398037
802	0.627593155	0.557403578
803	0.627272877	0.603424427
804	0.627160862	0.576874674
805	0.626887973	0.571050227
806	0.626834881	0.609045138
807	0.626645746	0.623051366
808	0.626550646	0.560256141
809	0.625893926	0.562416195
810	0.625698139	0.651533159
811	0.625223788	0.570884208
812	0.624794097	0.593844481
813	0.624738445	0.593454242
814	0.624582235	0.614682493
815	0.624513687	0.595648333
816	0.624441791	0.581618131
817	0.624003833	0.590138554
818	0.623884022	0.550221437
819	0.623843038	0.573743386
820	0.62314254	0.591480888
821	0.622939826	0.61125361
822	0.622703286	0.581739429
823	0.622405555	0.625166389
824	0.622301695	0.587347526
825	0.621871532	0.590730612
826	0.621736797	0.562996992
827	0.621720172	0.56854053
828	0.621492522	0.588954425
829	0.621110497	0.601255504
830	0.620997497	0.610929074
831	0.620765329	0.642581955
832	0.620342224	0.618469336
833	0.620098533	0.592755556
834	0.619985634	0.565734048
835	0.619942285	0.561860916
836	0.619736255	0.600523885
837	0.619492484	0.579957776
838	0.619477869	0.646016114
839	0.619245659	0.638618688
840	0.619091533	0.579245199
841	0.618777703	0.590461816
842	0.618366265	0.620597191
843	0.618275784	0.570098744
844	0.618248414	0.605739103
845	0.617362066	0.61320151
846	0.617170946	0.563058479
847	0.616476644	0.591841175
848	0.616436536	0.612960465
849	0.615873555	0.580150536
850	0.615790799	0.633970028
851	0.615557757	0.596703435
852	0.615440503	0.56678002
853	0.615235861	0.620441435
854	0.615042245	0.600235541
855	0.614774807	0.566828357
856	0.61419091	0.604585322
857	0.614136499	0.552735609
858	0.613514193	0.557491862
859	0.613354256	0.62208397
860	0.612890095	0.610125498
861	0.612769314	0.595895793
862	0.612714712	0.578547131
863	0.612321586	0.604098842
864	0.611694796	0.547311028
865	0.611610091	0.610443089
866	0.611409624	0.576886882
867	0.611171805	0.643312007
868	0.610759411	0.605847891
869	0.609741916	0.595473475
870	0.609174882	0.555018084
871	0.608632205	0.570414751
872	0.608531099	0.619750424
873	0.608459336	0.574074083
874	0.608395777	0.56472065
875	0.608098362	0.571914134
876	0.607788261	0.612336414
877	0.607677599	0.621794594
878	0.606917397	0.588651487
879	0.606874942	0.556632752
880	0.606578017	0.571590656
881	0.606318654	0.612005399
882	0.60621872	0.565217756
883	0.60527878	0.593302729
884	0.604629644	0.605462767
885	0.604283541	0.574798499
886	0.60425298	0.548697718
887	0.602882794	0.588209133
888	0.60198441	0.582182755
889	0.601708428	0.575317101
890	0.601552051	0.589284631
891	0.601490904	0.610880136
892	0.599421898	0.60812535
893	0.599224154	0.589638684
894	0.598324612	0.560334608
895	0.598315067	0.591469062
896	0.597293721	0.570350521
897	0.596774795	0.596078597
898	0.595748314	0.589720125
899	0.594025639	0.552150818
900	0.593952833	0.559297138
901	0.593472908	0.578100508
902	0.592773643	0.595483476
903	0.592745339	0.584743229
904	0.592682311	0.564703507
905	0.592383813	0.557743777
906	0.591408251	0.59075174
907	0.590208562	0.541196444
908	0.589909101	0.543689023
909	0.589566343	0.616970075
910	0.586580914	0.580418963
911	0.586216197	0.614165274
912	0.585903499	0.561734404
913	0.584939506	0.561460138
914	0.584115957	0.553334536
915	0.583734054	0.556489915
916	0.583363339	0.507185948
917	0.582727959	0.530910059
918	0.58206507	0.572951596
919	0.581759646	0.558738587
920	0.5806778	0.570668267
921	0.580402312	0.553403625
922	0.57913993	0.584900239
923	0.577774506	0.590232314
924	0.576117579	0.564156191
925	0.575325673	0.553491321
926	0.574756994	0.540708473
927	0.572307625	0.589302212
928	0.572132797	0.617336128
929	0.570024867	0.547249577
930	0.567259101	0.545695797
931	0.566464546	0.554817775
932	0.565477942	0.531392726
933	0.563459004	0.544722658
934	0.56231425	0.550465022
935	0.560528412	0.537681621
936	0.560079514	0.544125643
937	0.55884557	0.523473117
938	0.555182181	0.506032146
939	0.552797619	0.519450795
940	0.551090807	0.544368596
941	0.550748807	0.558884773
942	0.549394223	0.507376765
943	0.546526702	0.534104643
944	0.546424716	0.526130433
945	0.545267945	0.538108077
946	0.542729514	0.490563456
947	0.54261731	0.559508835
948	0.539399851	0.526260028
949	0.535233307	0.54881922
950	0.530966653	0.500788498
951	0.530822183	0.544492082
952	0.523313063	0.515406966
953	0.522930849	0.524476975
954	0.52251147	0.493631391
955	0.51907483	0.507025589
956	0.516065896	0.509237436
957	0.514470062	0.481008763
958	0.513014056	0.515411252
959	0.5126592	0.507757053
960	0.510885188	0.506203787
961	0.507433491	0.508369397
962	0.506483669	0.51722172
963	0.504305743	0.496424828
964	0.497075979	0.475732631
965	0.493777785	0.475122296
966	0.492414531	0.480603098
967	0.492294887	0.536447088
968	0.491492157	0.495808089
969	0.488691147	0.458504937
970	0.486565768	0.518815537
971	0.471615664	0.496205739
972	0.469357495	0.518787434
973	0.466906044	0.480406599
974	0.465744996	0.46572018
975	0.463483796	0.48610357
976	0.459238623	0.477786689
977	0.454366946	0.490775649
978	0.453365001	0.48691153
979	0.452340818	0.485205731
980	0.440697387	0.456890891
981	0.43877005	0.423646168
982	0.437876564	0.469239268
983	0.435986599	0.466843957
984	0.430375837	0.467128543
985	0.425654036	0.465417085
986	0.424997206	0.409398319
987	0.423667909	0.480784825
988	0.404539009	0.465228765
989	0.404282849	0.450405511
990	0.401553694	0.434097952
991	0.386905361	0.423913473
992	0.382679787	0.392750313
993	0.376652336	0.427436881
994	0.345846508	0.401800416
995	0.337742052	0.370668169
996	0.306490639	0.40190779
997	0.253914042	0.414997025
998	0.199491353	0.304625611
999	0.169120231	0.255534317